"A" "B" "C" "D" "E" "F" "G" "H" "I" "J" "K" "L" "M" "N" "O" "P" "Q" "R" "S" "T" "U" "V" "W" "X" "Y" "Z" ""
"A" 3.91305198489562e-05 0.0168016669601456 0.034087574103422 0.0552229461368394 0.00082174091682808 0.00815382207352625 0.0169386237796169 0.00154076421905265 0.0426767232102679 0.0008266322318092 0.0125511142415527 0.0692169982978224 0.0225783099528477 0.222701571090372 0.00021032654418814 0.020788088669758 1.46739449433586e-05 0.0871387763886443 0.101871417111776 0.136863884486705 0.0122918745475534 0.0220060261000567 0.010477196689558 0.000215217859169259 0.0263348398583475 0.0018782649527499 0.0757517951125981
"B" 0.0931794394697058 0.00668682404930806 0.000116292592161879 0.000494243516687987 0.327596232120014 2.90731480404698e-05 2.90731480404698e-05 5.81462960809396e-05 0.0294510989649959 0.00508780090708222 2.90731480404698e-05 0.105012210722177 0.00203512036283289 0.000261658332364228 0.117891615304105 2.90731480404698e-05 2.90731480404698e-05 0.0574485405279684 0.0138097453192232 0.00735550645423886 0.152401442028143 0.00136643795790208 0.000610536108849866 2.90731480404698e-05 0.0734969182463077 2.90731480404698e-05 0.00543667868356786
"C" 0.11012787555204 1.64788082525872e-05 0.0169731725001648 0.000164788082525872 0.214982532463252 1.64788082525872e-05 1.64788082525872e-05 0.184315470305188 0.0419715246193395 1.64788082525872e-05 0.043190956430031 0.0326939555731329 4.94364247577615e-05 1.64788082525872e-05 0.209692835014172 1.64788082525872e-05 0.00194449937380529 0.0339133873838244 0.00159844440050096 0.0654867839957814 0.0277173554808516 1.64788082525872e-05 0.000131830466020697 1.64788082525872e-05 0.00512490936655461 9.8872849515523e-05 0.00968953925252126
"D" 0.0205214851543993 0.000110376213077034 9.33952572190289e-05 0.0110036593959874 0.116158228546685 0.000730181101894226 0.00368486742118714 0.000433014374379134 0.0655040372222552 0.00201224326917362 0.000594333455030184 0.0105112116761052 0.00267450054763583 0.00247072907733976 0.0444051995686837 4.24523896450131e-05 0.000390561984734121 0.0303279871623974 0.0188828229141018 0.000407542940592126 0.00929707333225787 0.00272544341520984 0.000382071506805118 8.49047792900262e-06 0.0100187639562231 2.54714337870079e-05 0.646583856205266
"E" 0.0424455973114913 0.00073793429509705 0.0168127627493323 0.0910374525613667 0.025600889354579 0.0100244061385911 0.00686183058817516 0.00228408234196706 0.0110370692188758 0.000274728785187646 0.000878493208448868 0.0329610651810015 0.0226363740911588 0.0842171507430455 0.00515276198264736 0.010864565097944 0.000782657585708992 0.139114989969205 0.0623602397168377 0.0245466975044404 0.000999884997252712 0.0174740285462375 0.0101617705311849 0.00995732120267317 0.0120177870915805 0.000606958944019218 0.358150500261951
"F" 0.0706937338394675 0.000513469402725055 1.83381929544663e-05 1.83381929544663e-05 0.0842273202398636 0.0517320423245493 1.83381929544663e-05 7.33527718178651e-05 0.0852175826594047 1.83381929544663e-05 0.00014670554363573 0.0221892134749042 5.50145788633988e-05 0.000110029157726798 0.14654049989914 1.83381929544663e-05 1.83381929544663e-05 0.103335717298417 0.00275072894316994 0.039408776659148 0.0336322458784911 1.83381929544663e-05 0.000513469402725055 1.83381929544663e-05 0.00154040820817517 1.83381929544663e-05 0.357154645981185
"G" 0.0664952096748861 1.96324799748704e-05 1.96324799748704e-05 0.000863829118894299 0.114928537772891 1.96324799748704e-05 0.00875608606879221 0.116518768650856 0.0488848751374274 1.96324799748704e-05 1.96324799748704e-05 0.0288793780430344 0.000373017119522538 0.0181993089367049 0.0610177477618973 1.96324799748704e-05 1.96324799748704e-05 0.0529684309722004 0.0169035652583634 0.00335715407570284 0.0244228050887388 1.96324799748704e-05 0.000373017119522538 1.96324799748704e-05 0.00188471807758756 5.88974399246113e-05 0.434937961363279
"H" 0.164050772759478 0.000378273870282084 0.000378273870282084 0.000366265175987415 0.450500162117373 0.000414299953166092 1.20086942946693e-05 4.20304300313427e-05 0.155554621545999 6.00434714733467e-06 0.000576417326144128 0.000906656419247535 0.00226964322169251 0.000702508616238156 0.0822175254884536 3.00217357366734e-05 6.00434714733467e-06 0.0076555426128517 0.000924669460689539 0.0250321232572382 0.00960095108858814 3.00217357366734e-05 0.000222160844451383 6.00434714733467e-06 0.00534987330827519 6.00434714733467e-06 0.0927611590791733
"I" 0.0167140598486121 0.00754043864272104 0.0488738569169915 0.0498641910244456 0.04876961122147 0.0215035704150716 0.0247467698312957 3.47485651738297e-05 0.00137256832436627 5.79142752897162e-06 0.00757518720789487 0.0477676942589579 0.0568544440519144 0.279071518338555 0.0423295438092535 0.00478371913893056 0.000162159970811205 0.0342099624136353 0.125957757327604 0.123299492091806 0.000729719868650424 0.0196329393232138 2.89571376448581e-05 0.00168530541093074 1.15828550579432e-05 0.00343431652468017 0.0330400940527831
"J" 0.0382165605095541 0.000398089171974522 0.000398089171974522 0.000398089171974522 0.189888535031847 0.000398089171974522 0.000398089171974522 0.000398089171974522 0.00477707006369427 0.000398089171974522 0.000398089171974522 0.000398089171974522 0.000398089171974522 0.000398089171974522 0.285429936305732 0.000398089171974522 0.000398089171974522 0.000398089171974522 0.000398089171974522 0.000398089171974522 0.471337579617834 0.000398089171974522 0.000398089171974522 0.000398089171974522 0.000398089171974522 0.000398089171974522 0.00199044585987261
"K" 0.0282647232617688 0.000393933425251133 0.0023636005515068 0.000196966712625566 0.2781169982273 0.000689383494189482 0.00064014181603309 0.0402796927319283 0.167421705731731 4.92416781563916e-05 4.92416781563916e-05 0.0167421705731731 0.00147725034469175 0.101979515461887 0.0294957652156786 9.84833563127831e-05 4.92416781563916e-05 0.00472720110301359 0.0346168997439433 0.000295450068938349 0.0333858577900335 0.00064014181603309 0.0040870592869805 4.92416781563916e-05 0.00497340949379555 4.92416781563916e-05 0.248867441402403
"L" 0.079419939828647 0.00074953934561051 0.000718308539543406 0.0718516744917186 0.17721400389344 0.0239852590595363 0.000905693375946033 5.20513434451743e-05 0.0981063721254646 1.04102686890349e-05 0.0107850383618401 0.136853392186052 0.0040600047887236 0.00128046304875129 0.0866654868362152 0.00393508156445518 2.08205373780697e-05 0.00481995440302314 0.016115095930626 0.017020789306572 0.0155529414214181 0.00440354365546175 0.00487200574646832 1.04102686890349e-05 0.103863250710501 0.000270666985914906 0.136457801975869
"M" 0.152473535696227 0.0176646169404166 0.000603500301750151 1.63108189662203e-05 0.246391231303724 0.00218564974147352 3.26216379324406e-05 1.63108189662203e-05 0.0820923518569867 1.63108189662203e-05 0.000114175732763542 0.00264235267252769 0.0224926193544178 0.00368624508636579 0.109298797892642 0.055456784485149 1.63108189662203e-05 0.00133748715523006 0.0309579343978861 0.000978649137973218 0.0270922703028919 1.63108189662203e-05 0.000114175732763542 1.63108189662203e-05 0.0400756822000033 1.63108189662203e-05 0.204195142638112
"N" 0.029903960077094 0.000322135045562999 0.049510518528225 0.187952149295944 0.080713938619624 0.00491938433986885 0.135962828891692 0.000786227907814778 0.0335184244866314 0.000660649839205473 0.00811889513139288 0.0114276042434467 0.00075892832768232 0.0106140767554995 0.0689805790786938 0.000518692022516694 0.00132675959443744 0.000409493701986863 0.0333491670898102 0.0868017449891621 0.00519784005721992 0.00410585685192162 0.000584211014834592 0.000453173030198796 0.0110672497856983 0.000125578068609305 0.231909933225227
"O" 0.00719037523628503 0.00464737397261705 0.00710682694014809 0.0159002851085606 0.00261088425427924 0.0876578279531712 0.00402598352009859 0.00187983666308105 0.0117072049961881 0.000182761897799547 0.0176391340219105 0.0403329399601057 0.0575125583532631 0.143509863920713 0.0373826407527701 0.0156914143682182 0.00013576598122252 0.102002026046181 0.0351216149885643 0.0520349231877852 0.122158052489217 0.0358787714223053 0.0516902864662204 0.000741491128215304 0.00379100393721346 0.000605725146992783 0.140862427286874
"P" 0.104954965022462 0.000268198377399817 0.00286078269226471 2.23498647833181e-05 0.188297610799455 0.00225733634311512 2.23498647833181e-05 0.00885054645419395 0.0935788838477527 2.23498647833181e-05 0.000424647430883043 0.0933106854703529 0.000558746619582952 0.000201148783049863 0.105893659343361 0.0583554969492435 2.23498647833181e-05 0.172406856938516 0.0240037547772836 0.0399615582325727 0.0257470442303824 2.23498647833181e-05 0.000446997295666361 2.23498647833181e-05 0.00674965916456205 2.23498647833181e-05 0.0707149721744183
"Q" 0.000426257459505541 0.000426257459505541 0.000426257459505541 0.000426257459505541 0.000426257459505541 0.000426257459505541 0.000426257459505541 0.000426257459505541 0.000426257459505541 0.000426257459505541 0.000426257459505541 0.000426257459505541 0.000426257459505541 0.000426257459505541 0.000426257459505541 0.000426257459505541 0.000426257459505541 0.000426257459505541 0.000426257459505541 0.000426257459505541 0.98849104859335 0.000426257459505541 0.000426257459505541 0.000426257459505541 0.000426257459505541 0.000426257459505541 0.000852514919011083
"R" 0.0563386992478644 0.00144981792192765 0.00988326583398564 0.0296089575604942 0.24141850730014 0.00301534901133308 0.00873294081611816 0.00144301126501719 0.0902562706326788 2.04199707313753e-05 0.00565633189259095 0.00854916107953579 0.0195214920191948 0.017356975121669 0.0992955110097676 0.00368240138855801 9.5293196746418e-05 0.0334683320287241 0.0547867814722799 0.0309975155702277 0.0206718170370622 0.00478507980805228 0.00188544396419698 6.80665691045843e-06 0.0389681108123745 0.00056495252356805 0.217540754858251
"S" 0.0518344012679539 0.00262718083761432 0.0136477727550246 0.000394693834758959 0.107628075065834 0.00185629444160073 0.000277519102564893 0.0668019315329539 0.0573847833192518 2.4668364672435e-05 0.0132839143761062 0.00740050940173049 0.0103977157094313 0.00271352011396784 0.0553619774161121 0.0199012031994869 0.00104840549857849 0.000160344370370827 0.0593952550400553 0.108892328755296 0.0243045062935165 0.000493367293448699 0.00412578399146475 6.16709116810874e-06 0.00228799082336834 3.08354558405437e-05 0.387718854647828
"T" 0.0393036243954145 7.12586957877203e-05 0.00282807948907515 1.33610054601976e-05 0.0824685793688261 0.000823928670045516 4.45366848673252e-05 0.326925988937087 0.0616254108509179 4.45366848673252e-06 4.89903533540577e-05 0.0133342834492772 0.000966446061620957 0.000792752990638389 0.109782928197957 0.000155878397035638 4.45366848673252e-06 0.0248024798026134 0.0172446043806283 0.0194580776185344 0.0160599285631575 8.01660327611854e-05 0.00517070911309646 4.45366848673252e-06 0.0138553626622249 0.000614606251169088 0.26351465702299
"U" 0.0202479020709831 0.0138732773885596 0.0314881823081069 0.0215720994687813 0.0292863191931634 0.00512741550542767 0.0504734775579336 0.000739086919701286 0.0268072984833321 3.07952883208869e-05 0.00388020632843175 0.0963738548002156 0.0209100007698822 0.133944106551698 0.00229424897990607 0.0425744861036261 3.07952883208869e-05 0.123335129725152 0.136669489568096 0.167049041496651 1.53976441604435e-05 0.00124720917699592 4.61929324813304e-05 0.000677496343059512 0.000338748171529756 0.00945415351451228 0.0615135884209716
"V" 0.0685810180868917 3.72925601342532e-05 3.72925601342532e-05 3.72925601342532e-05 0.541450680589222 3.72925601342532e-05 0.000149170240537013 3.72925601342532e-05 0.176281931754615 3.72925601342532e-05 0.000335633041208279 0.00805519298899869 3.72925601342532e-05 0.019876934551557 0.055528622039903 3.72925601342532e-05 3.72925601342532e-05 0.00328174529181428 0.00977065075517434 0.00011187768040276 0.000857728883087824 7.45851202685064e-05 7.45851202685064e-05 3.72925601342532e-05 0.0040648890546336 3.72925601342532e-05 0.11109453663994
"W" 0.205984123753308 8.4809010109234e-05 0.000288350634371396 0.00624194314403962 0.131250424045051 0.000763281090983106 1.69618020218468e-05 0.201913291268064 0.168702082909288 1.69618020218468e-05 0.0010855553293982 0.00339236040436936 5.08854060655404e-05 0.0375703914783907 0.0765994979306601 3.39236040436936e-05 1.69618020218468e-05 0.00887102245742588 0.0122294592577515 0.000135694416174774 0.000508854060655404 1.69618020218468e-05 0.000101770812131081 1.69618020218468e-05 0.000678472080873872 1.69618020218468e-05 0.143412036094715
"X" 0.0832717418083272 0.000246366100024637 0.147326927814733 0.000246366100024637 0.076619857107662 0.000246366100024637 0.000246366100024637 0.0147819660014782 0.0985464400098546 0.000246366100024637 0.000246366100024637 0.00073909830007391 0.000246366100024637 0.000246366100024637 0.00147819660014782 0.33210150283321 0.00123183050012318 0.000246366100024637 0.000246366100024637 0.115545700911555 0.00443458980044346 0.0209411185020941 0.000246366100024637 0.0197092880019709 0.00123183050012318 0.000246366100024637 0.0790835181079084
"Y" 0.0289151908097994 0.00326356555415343 0.00365519342065184 0.000304599451720987 0.0556329141464688 0.00215395326574126 0.000217571036943562 0.000282842348026631 0.0239980853748749 2.17571036943562e-05 0.000848527044079892 0.00439493494625995 0.00352465079848571 0.00102258387363474 0.128279883381924 0.00119664070318959 2.17571036943562e-05 0.00152299725860493 0.0284147774248292 0.0172751403333188 0.00132718332535573 4.35142073887124e-05 0.00171881119185414 2.17571036943562e-05 2.17571036943562e-05 0.000239328140637918 0.691680083547278
"Z" 0.0571902196435972 0.000414421881475342 0.000414421881475342 0.0116038126813096 0.303771239121426 0.000414421881475342 0.000414421881475342 0.064235391628678 0.101533360961459 0.000414421881475342 0.00207210940737671 0.018234562784915 0.0265230004144219 0.00745959386655615 0.262743472855367 0.000414421881475342 0.000414421881475342 0.000414421881475342 0.00124326564442603 0.000414421881475342 0.0547036883547451 0.000414421881475342 0.000828843762950684 0.000414421881475342 0.00621632822213013 0.0198922503108164 0.0571902196435972
"" 0.121591349900576 0.04412417393857 0.0367992675093571 0.0303043540557825 0.0206222675757565 0.0373619153791583 0.0170471820427962 0.0873135136835263 0.0540473952199394 0.00290584909155085 0.00710473987146467 0.0238688506257273 0.0343582144841637 0.026530070208669 0.059340129374063 0.0328222906408245 0.0024987156950798 0.026664616438404 0.0791778351686371 0.155089866397341 0.00980964329522938 0.00706629809154036 0.0710893352018368 0.000417617518268582 0.0117649320104701 0.000277829227634747 1.74735363292294e-06
